2.979110
6.540015
9.372179
12.138715
14.894989
17.651113
21.028843
23.819085
26.599291
29.395603
32.180774
34.943213
37.697547
40.479931
43.192285
45.923698
48.715061
51.452873
54.185991
57.001880
59.775082
62.563181
65.358456
68.148716
70.921757
73.671833
76.436036
79.235212
82.045329
84.801509
87.583711
90.389806
93.185004
95.985773
98.736309
101.479204
104.245185
107.016206
109.838458
112.628739
115.391962
118.205131
120.946718
123.711396
126.481761
129.273262
132.034187
134.803116
137.553758
140.356679
143.113851
145.935624
148.715279
151.514741
154.938900
157.753758
160.552518
163.294590
166.065811
168.798931
171.605860
174.406758
177.809426
180.602433
183.397563
186.195388
188.958562
191.765588
194.473576
197.252606
200.004755
202.786908
205.547313
208.306721
211.050487
213.832887
216.603896
219.347057
222.087886
224.844383
227.649809
230.447809
233.162140
235.998451
239.376795
242.097279
244.894096
247.620013
250.402287
253.145227
255.900264
258.748734
261.435710
264.190328
266.971964
269.777577
272.556472
275.297609
278.059661
280.827740
283.551254
286.312427
289.043408
291.786559
294.576285
297.302373
300.081392
302.859039
305.663072
308.489781
311.253863
314.040898
316.789206
319.580474
322.309565
325.036740
327.804098
330.624889
333.365705
336.141883
338.950144
341.699266
344.421594
347.211738
350.176680
352.950522
355.694932
358.471968
361.216876
363.985243
366.804161
369.595964
372.361015
375.126215
377.915213
380.687327
383.427584
386.155982
388.927026
391.706208
395.123084
397.897388
400.646409
403.453423
406.214429
408.964307
411.741182
414.492365
417.269573
420.024732
422.821661
425.575897
428.376915
431.153947
433.931836
436.723095
439.498116
442.344072
445.074155
447.868566
450.598691
453.320191
456.087433
458.886591
461.673765
464.429644
467.210988
469.969125
472.737684
476.184307
478.926505
481.710687
484.473477
487.298688
490.056871
492.860816
495.665109
498.436259
501.210356
504.012166
506.799161
509.569016
512.333182
515.772654
518.557924
521.350864
524.110891
526.902964
529.681425
532.452304
535.147593
537.898865
540.713075
543.494086
546.258324
549.011589
551.795387
554.545493
557.312178
560.084452
562.884600
